zipfile	model	A_B_pDockQ2_max	A_C_pDockQ2_max	B_C_pDockQ2_max	A_265-405_B_265-405_pDockQ2_max	A_265-405_C_all_pDockQ2_max	B_265-405_C_all_pDockQ2_max
fold_np_xp_022777644.zip	0	0.200866	0.009135	0.009840	0.266164	0.000000	0.009840
fold_np_xp_022777644.zip	1	0.310518	0.010329	0.000000	0.310518	0.010329	0.000000
fold_np_xp_022777644.zip	2	0.291045	0.009188	0.009151	0.291045	0.009307	0.009031
fold_np_xp_022777644.zip	3	0.264706	0.009887	0.009156	0.264706	0.009887	0.008984
fold_np_xp_022777644.zip	4	0.026264	0.008810	0.009268	0.244635	0.000000	0.000000
fold_nv_cab3992991.zip	0	0.165289	0.009289	0.011173	0.249771	0.000000	0.000000
fold_nv_cab3992991.zip	1	0.039848	0.009058	0.009395	0.221938	0.009032	0.009443
fold_nv_cab3992991.zip	2	0.204417	0.009415	0.009518	0.204417	0.009705	0.009593
fold_nv_cab3992991.zip	3	0.213860	0.009267	0.009349	0.213860	0.009232	0.000000
fold_nv_cab3992991.zip	4	0.129720	0.009164	0.009603	0.208995	0.000000	0.009603
fold_nv_cab3992993.zip	0	0.069838	0.009614	0.009541	0.298084	0.009898	0.009656
fold_nv_cab3992993.zip	1	0.056003	0.009711	0.009528	0.335178	0.009873	0.009528
fold_nv_cab3992993.zip	2	0.042192	0.010577	0.009313	0.120816	0.010577	0.000000
fold_nv_cab3992993.zip	3	0.067084	0.010463	0.009920	0.151334	0.010463	0.009920
fold_nv_cab3992993.zip	4	0.064662	0.009399	0.009612	0.294811	0.009399	0.009682
fold_nv_cab4010612.zip	0	0.403014	0.011115	0.000000	0.403014	0.011443	0.000000
fold_nv_cab4010612.zip	1	0.109109	0.010633	0.000000	0.397501	0.010896	0.000000
fold_nv_cab4010612.zip	2	0.356701	0.009874	0.011215	0.356701	0.009874	0.000000
fold_nv_cab4010612.zip	3	0.400483	0.010024	0.011240	0.400483	0.009895	0.009646
fold_nv_cab4010612.zip	4	0.400798	0.010779	0.009589	0.400798	0.010154	0.009932
fold_nv_cab4012946.zip	0	0.721318	0.413940	0.305983	0.721318	0.413940	0.305983
fold_nv_cab4012946.zip	1	0.732984	0.152511	0.173824	0.732984	0.152511	0.250227
fold_nv_cab4012946.zip	2	0.195564	0.414596	0.277947	0.711605	0.414596	0.313389
fold_nv_cab4012946.zip	3	0.136972	0.077431	0.278430	0.713209	0.418160	0.278430
fold_nv_cab4012946.zip	4	0.107772	0.393732	0.177091	0.700870	0.393732	0.177091
fold_nv_cab4022695.zip	0	0.054434	0.008590	0.008694	0.064101	0.008833	0.008936
fold_nv_cab4022695.zip	1	0.050310	0.008520	0.008497	0.050310	0.008730	0.008548
fold_nv_cab4022695.zip	2	0.082653	0.008430	0.008706	0.082653	0.008484	0.008706
fold_nv_cab4022695.zip	3	0.016148	0.008712	0.008750	0.097787	0.009119	0.008750
fold_nv_cab4022695.zip	4	0.035834	0.009104	0.008964	0.082546	0.009104	0.008958
fold_nv_cab4029555.zip	0	0.767680	0.236437	0.374595	0.767680	0.236437	0.374595
fold_nv_cab4029555.zip	1	0.196580	0.229993	0.264314	0.748608	0.229993	0.264314
fold_nv_cab4029555.zip	2	0.745617	0.226979	0.225193	0.745617	0.226979	0.225193
fold_nv_cab4029555.zip	3	0.146238	0.195478	0.189269	0.740365	0.195478	0.295709
fold_nv_cab4029555.zip	4	0.762863	0.169029	0.308509	0.762863	0.169029	0.308509
fold_nv_cab4029556.zip	0	0.778755	0.227529	0.389736	0.778755	0.227529	0.389736
fold_nv_cab4029556.zip	1	0.531033	0.252537	0.389073	0.531033	0.252537	0.389073
fold_nv_cab4029556.zip	2	0.774681	0.228238	0.283648	0.774681	0.228238	0.283648
fold_nv_cab4029556.zip	3	0.145034	0.239849	0.165193	0.574227	0.239849	0.180589
fold_nv_cab4029556.zip	4	0.189601	0.236925	0.238498	0.758377	0.236925	0.265790
fold_nv_cah3022935.zip	0	0.012190	0.012705	0.009843	0.012801	0.012851	0.009843
fold_nv_cah3022935.zip	1	0.018377	0.014523	0.010780	0.018377	0.014648	0.010783
fold_nv_cah3022935.zip	2	0.164367	0.014633	0.009738	0.164367	0.015204	0.009864
fold_nv_cah3022935.zip	3	0.014687	0.010343	0.011711	0.026584	0.009507	0.012433
fold_nv_cah3022935.zip	4	0.021490	0.012513	0.010122	0.035976	0.012619	0.009525
fold_nv_cah3027367.zip	0	0.784137	0.181612	0.248327	0.784137	0.181612	0.248327
fold_nv_cah3027367.zip	1	0.804309	0.196723	0.312495	0.804309	0.196723	0.312495
fold_nv_cah3027367.zip	2	0.795759	0.191384	0.323635	0.795759	0.191384	0.323635
fold_nv_cah3027367.zip	3	0.805210	0.213478	0.298546	0.805210	0.213478	0.298546
fold_nv_cah3027367.zip	4	0.294503	0.228424	0.273849	0.789534	0.228424	0.323593
fold_nv_cah3033301.zip	0	0.314660	0.009760	0.009310	0.314660	0.010850	0.009839
fold_nv_cah3033301.zip	1	0.319374	0.009457	0.009425	0.319374	0.009380	0.009420
fold_nv_cah3033301.zip	2	0.079125	0.009532	0.009060	0.305822	0.009671	0.009148
fold_nv_cah3033301.zip	3	0.357954	0.009339	0.009535	0.357954	0.009139	0.011002
fold_nv_cah3033301.zip	4	0.296687	0.009157	0.009660	0.296687	0.009166	0.009670
fold_nv_cah3116438.zip	0	0.035028	0.036311	0.018357	0.305660	0.058225	0.026289
fold_nv_cah3116438.zip	1	0.491896	0.026978	0.014169	0.491896	0.028048	0.019686
fold_nv_cah3116438.zip	2	0.481627	0.017175	0.017613	0.481627	0.020003	0.023971
fold_nv_cah3116438.zip	3	0.244650	0.027436	0.014215	0.244650	0.034387	0.025696
fold_nv_cah3116438.zip	4	0.463187	0.015830	0.012869	0.463187	0.016924	0.013752
fold_nv_cah3124889.zip	0	0.067987	0.009091	0.008837	0.244424	0.009356	0.009040
fold_nv_cah3124889.zip	1	0.023080	0.009027	0.009103	0.029845	0.009213	0.009123
fold_nv_cah3124889.zip	2	0.031553	0.008850	0.009126	0.266877	0.008964	0.009126
fold_nv_cah3124889.zip	3	0.014212	0.008569	0.008882	0.277172	0.008661	0.008923
fold_nv_cah3124889.zip	4	0.040608	0.008814	0.008681	0.260477	0.009127	0.008871
fold_nv_cah3140492.zip	0	0.036942	0.011745	0.019103	0.257214	0.024820	0.022168
fold_nv_cah3140492.zip	1	0.100389	0.028223	0.018379	0.298554	0.028223	0.022331
fold_nv_cah3140492.zip	2	0.127375	0.013870	0.013065	0.265373	0.037862	0.014362
fold_nv_cah3140492.zip	3	0.053604	0.026629	0.014550	0.238515	0.036965	0.015892
fold_nv_cah3140492.zip	4	0.133064	0.017189	0.013805	0.328847	0.030625	0.014281
fold_nv_cah3148052.zip	0	0.411211	0.010724	0.011118	0.411211	0.014479	0.015159
fold_nv_cah3148052.zip	1	0.226264	0.011261	0.011399	0.457381	0.019477	0.039046
fold_nv_cah3148052.zip	2	0.064651	0.012570	0.014830	0.395083	0.030662	0.018272
fold_nv_cah3148052.zip	3	0.026826	0.011192	0.011606	0.411002	0.025485	0.016916
fold_nv_cah3148052.zip	4	0.038964	0.027265	0.018118	0.389045	0.033515	0.025084
fold_nv_cah3158544.zip	0	0.735044	0.288592	0.048528	0.735044	0.288592	0.225781
fold_nv_cah3158544.zip	1	0.169231	0.262819	0.271838	0.728497	0.262819	0.271838
fold_nv_cah3158544.zip	2	0.079326	0.271336	0.211664	0.730664	0.271336	0.211664
fold_nv_cah3158544.zip	3	0.167122	0.290639	0.207031	0.729975	0.290639	0.207031
fold_nv_cah3158544.zip	4	0.011872	0.298742	0.239815	0.713224	0.298742	0.239815
fold_nv_cah3162228.zip	0	0.059814	0.009666	0.009089	0.123280	0.009666	0.008774
fold_nv_cah3162228.zip	1	0.020796	0.009068	0.009425	0.167338	0.009016	0.009425
fold_nv_cah3162228.zip	2	0.029311	0.009124	0.009002	0.129630	0.009124	0.009002
fold_nv_cah3162228.zip	3	0.044999	0.009072	0.000000	0.160428	0.008955	0.000000
fold_nv_cah3162228.zip	4	0.076950	0.009332	0.000000	0.152468	0.009225	0.000000
fold_nv_cah3163115.zip	0	0.229317	0.009109	0.009238	0.229317	0.009523	0.010450
fold_nv_cah3163115.zip	1	0.252162	0.008531	0.009556	0.252162	0.010187	0.009556
fold_nv_cah3163115.zip	2	0.197051	0.009597	0.009102	0.197051	0.010035	0.009521
fold_nv_cah3163115.zip	3	0.206953	0.009409	0.009863	0.206953	0.009750	0.009863
fold_nv_cah3163115.zip	4	0.223056	0.009785	0.008879	0.223056	0.010548	0.008860
fold_nv_cah3163669.zip	0	0.102237	0.009368	0.009301	0.393117	0.009638	0.009712
fold_nv_cah3163669.zip	1	0.053624	0.008770	0.008776	0.310458	0.000000	0.000000
fold_nv_cah3163669.zip	2	0.102880	0.008668	0.008790	0.321539	0.000000	0.000000
fold_nv_cah3163669.zip	3	0.374859	0.009369	0.009627	0.374859	0.009369	0.009627
fold_nv_cah3163669.zip	4	0.034919	0.009342	0.000000	0.424517	0.009342	0.000000
fold_nv_kaj7378236.zip	0	0.259751	0.231075	0.285129	0.737855	0.231075	0.285129
fold_nv_kaj7378236.zip	1	0.194907	0.117613	0.244519	0.725849	0.117613	0.244519
fold_nv_kaj7378236.zip	2	0.144380	0.237900	0.273447	0.740847	0.237900	0.273447
fold_nv_kaj7378236.zip	3	0.192447	0.159534	0.245506	0.723705	0.159534	0.245506
fold_nv_kaj7378236.zip	4	0.145449	0.233582	0.281654	0.742794	0.233582	0.281654
fold_nv_kak2554988.zip	0	0.106916	0.010010	0.009114	0.310010	0.000000	0.000000
fold_nv_kak2554988.zip	1	0.267899	0.009456	0.009154	0.267899	0.009292	0.000000
fold_nv_kak2554988.zip	2	0.216415	0.009138	0.009150	0.216415	0.009343	0.009533
fold_nv_kak2554988.zip	3	0.304115	0.008599	0.009534	0.304115	0.000000	0.009226
fold_nv_kak2554988.zip	4	0.250133	0.008926	0.008673	0.314315	0.009197	0.000000
fold_nv_kak2567480.zip	0	0.099307	0.065712	0.012512	0.099307	0.065712	0.016263
fold_nv_kak2567480.zip	1	0.087215	0.036956	0.017320	0.087215	0.113098	0.038364
fold_nv_kak2567480.zip	2	0.106070	0.020450	0.027053	0.335825	0.020450	0.027053
fold_nv_kak2567480.zip	3	0.376461	0.024290	0.046981	0.376461	0.029061	0.049180
fold_nv_kak2567480.zip	4	0.168754	0.014155	0.065964	0.168754	0.016997	0.065964
fold_nv_kak3699440.zip	0	0.234702	0.023694	0.022103	0.234702	0.031605	0.028146
fold_nv_kak3699440.zip	1	0.424982	0.032618	0.022165	0.654304	0.064461	0.026687
fold_nv_kak3699440.zip	2	0.157758	0.020914	0.016176	0.157758	0.035503	0.023409
fold_nv_kak3699440.zip	3	0.117070	0.022212	0.017653	0.505224	0.035670	0.018559
fold_nv_kak3699440.zip	4	0.144857	0.019392	0.018628	0.497156	0.020671	0.018628
fold_nv_xp_001626962.zip	0	0.818169	0.357770	0.410700	0.818169	0.357770	0.410700
fold_nv_xp_001626962.zip	1	0.814804	0.317031	0.406802	0.814804	0.317031	0.406802
fold_nv_xp_001626962.zip	2	0.815775	0.480107	0.478714	0.815775	0.480107	0.478714
fold_nv_xp_001626962.zip	3	0.810039	0.225692	0.394969	0.810039	0.225692	0.394969
fold_nv_xp_001626962.zip	4	0.160361	0.416230	0.432711	0.810639	0.416230	0.432711
fold_nv_xp_015760571.zip	0	0.014885	0.008811	0.009091	0.014885	0.009020	0.009099
fold_nv_xp_015760571.zip	1	0.078897	0.009330	0.009193	0.078897	0.009464	0.009263
fold_nv_xp_015760571.zip	2	0.049081	0.009034	0.009257	0.110002	0.009182	0.009257
fold_nv_xp_015760571.zip	3	0.071507	0.009216	0.008213	0.071507	0.009238	0.008325
fold_nv_xp_015760571.zip	4	0.081497	0.009116	0.009081	0.081497	0.009051	0.009432
fold_nv_xp_015763135.zip	0	0.254751	0.009165	0.009567	0.254751	0.008396	0.000000
fold_nv_xp_015763135.zip	1	0.170113	0.009635	0.000000	0.221525	0.009635	0.000000
fold_nv_xp_015763135.zip	2	0.308881	0.009422	0.009544	0.308881	0.000000	0.000000
fold_nv_xp_015763135.zip	3	0.049740	0.009198	0.009455	0.264538	0.009053	0.009455
fold_nv_xp_015763135.zip	4	0.056052	0.009223	0.000000	0.241615	0.009223	0.000000
fold_nv_xp_015772883.zip	0	0.412784	0.009230	0.009423	0.412784	0.009124	0.000000
fold_nv_xp_015772883.zip	1	0.487346	0.009255	0.009532	0.487346	0.009600	0.009532
fold_nv_xp_015772883.zip	2	0.114819	0.009805	0.000000	0.425484	0.009800	0.000000
fold_nv_xp_015772883.zip	3	0.063052	0.009563	0.008972	0.378954	0.009683	0.000000
fold_nv_xp_015772883.zip	4	0.082310	0.009439	0.000000	0.449307	0.009588	0.000000
fold_nv_xp_020615496.zip	0	0.260977	0.008955	0.009117	0.260977	0.000000	0.009117
fold_nv_xp_020615496.zip	1	0.056400	0.009323	0.009357	0.217307	0.009203	0.009357
fold_nv_xp_020615496.zip	2	0.119484	0.009010	0.009209	0.202622	0.009010	0.009070
fold_nv_xp_020615496.zip	3	0.060430	0.009276	0.009137	0.252651	0.009276	0.009167
fold_nv_xp_020615496.zip	4	0.052431	0.009024	0.009109	0.268129	0.009024	0.009207
fold_nv_xp_020627992.zip	0	0.230508	0.009805	0.009512	0.230508	0.009805	0.009512
fold_nv_xp_020627992.zip	1	0.046999	0.009457	0.000000	0.224797	0.009457	0.000000
fold_nv_xp_020627992.zip	2	0.188301	0.008251	0.009407	0.188301	0.008251	0.009407
fold_nv_xp_020627992.zip	3	0.096294	0.009556	0.009056	0.232676	0.009647	0.009066
fold_nv_xp_020627992.zip	4	0.255308	0.009634	0.009283	0.255308	0.009729	0.009836
fold_nv_xp_020892928.zip	0	0.162740	0.014106	0.010480	0.493727	0.014106	0.010524
fold_nv_xp_020892928.zip	1	0.019800	0.013684	0.010188	0.104237	0.013684	0.010188
fold_nv_xp_020892928.zip	2	0.059577	0.010248	0.011956	0.059577	0.010239	0.012099
fold_nv_xp_020892928.zip	3	0.510471	0.013315	0.010527	0.510471	0.013315	0.010527
fold_nv_xp_020892928.zip	4	0.504024	0.010323	0.009293	0.504024	0.010837	0.009369
fold_nv_xp_020898913.zip	0	0.218683	0.008789	0.009146	0.218683	0.009146	0.009146
fold_nv_xp_020898913.zip	1	0.050028	0.009124	0.009500	0.219028	0.009701	0.009500
fold_nv_xp_020898913.zip	2	0.044815	0.009231	0.009342	0.226676	0.009074	0.009342
fold_nv_xp_020898913.zip	3	0.060300	0.009222	0.009326	0.216749	0.000000	0.009326
fold_nv_xp_020898913.zip	4	0.040969	0.009282	0.009138	0.182524	0.009623	0.000000
fold_nv_xp_020901545.zip	0	0.247372	0.008938	0.008873	0.247372	0.008718	0.008697
fold_nv_xp_020901545.zip	1	0.328342	0.008933	0.009296	0.328342	0.000000	0.000000
fold_nv_xp_020901545.zip	2	0.236277	0.008992	0.008936	0.236277	0.008837	0.008751
fold_nv_xp_020901545.zip	3	0.330964	0.008913	0.009452	0.330964	0.009575	0.000000
fold_nv_xp_020901545.zip	4	0.236582	0.009364	0.000000	0.236582	0.009364	0.000000
fold_nv_xp_020901899.zip	0	0.176155	0.146986	0.324148	0.800902	0.146986	0.355576
fold_nv_xp_020901899.zip	1	0.131131	0.142463	0.175624	0.409077	0.186615	0.212983
fold_nv_xp_020901899.zip	2	0.791552	0.080055	0.483030	0.791552	0.080055	0.483030
fold_nv_xp_020901899.zip	3	0.177551	0.181609	0.345205	0.793007	0.181609	0.345205
fold_nv_xp_020901899.zip	4	0.024364	0.127762	0.234383	0.796827	0.127762	0.278125
fold_nv_xp_020902727.zip	0	0.607642	0.034029	0.010121	0.607642	0.034029	0.010121
fold_nv_xp_020902727.zip	1	0.046224	0.019708	0.009824	0.046224	0.021722	0.009824
fold_nv_xp_020902727.zip	2	0.100327	0.014512	0.009445	0.550369	0.019336	0.009445
fold_nv_xp_020902727.zip	3	0.613589	0.014525	0.009301	0.613589	0.014525	0.009301
fold_nv_xp_020902727.zip	4	0.115109	0.012526	0.009771	0.528166	0.015045	0.009771
fold_nv_xp_022777728.zip	0	0.059667	0.009109	0.008288	0.218973	0.000000	0.000000
fold_nv_xp_022777728.zip	1	0.059367	0.009055	0.008977	0.231355	0.000000	0.000000
fold_nv_xp_022777728.zip	2	0.026843	0.008824	0.008585	0.193369	0.000000	0.000000
fold_nv_xp_022777728.zip	3	0.035411	0.008994	0.008730	0.222776	0.009122	0.000000
fold_nv_xp_022777728.zip	4	0.008524	0.009957	0.009092	0.000000	0.009260	0.000000
fold_nv_xp_022798721.zip	0	0.298379	0.369851	0.105419	0.298379	0.369851	0.338580
fold_nv_xp_022798721.zip	1	0.755878	0.178774	0.120320	0.755878	0.354817	0.361583
fold_nv_xp_022798721.zip	2	0.083555	0.364622	0.159410	0.107915	0.364622	0.295358
fold_nv_xp_022798721.zip	3	0.135792	0.410154	0.136557	0.135792	0.410154	0.261823
fold_nv_xp_022798721.zip	4	0.764250	0.379267	0.248803	0.764250	0.379267	0.336395
fold_nv_xp_022800847.zip	0	0.064898	0.009754	0.008763	0.064898	0.010725	0.008778
fold_nv_xp_022800847.zip	1	0.084214	0.008842	0.008506	0.084214	0.009606	0.008853
fold_nv_xp_022800847.zip	2	0.009783	0.008811	0.008605	0.011890	0.008745	0.008612
fold_nv_xp_022800847.zip	3	0.076496	0.008973	0.008948	0.076496	0.009644	0.009454
fold_nv_xp_022800847.zip	4	0.039863	0.008237	0.008256	0.087306	0.008415	0.008431
fold_nv_xp_027038010.zip	0	0.000000	0.146349	0.023345	0.000000	0.146349	0.032483
fold_nv_xp_027038010.zip	1	0.000000	0.106572	0.017508	0.000000	0.149724	0.018926
fold_nv_xp_027038010.zip	2	0.000000	0.163124	0.015760	0.000000	0.163124	0.018506
fold_nv_xp_027038010.zip	3	0.000000	0.075450	0.013136	0.000000	0.084094	0.013277
fold_nv_xp_027038010.zip	4	0.000000	0.034751	0.000000	0.000000	0.034751	0.000000
fold_nv_xp_027057176.zip	0	0.319657	0.009510	0.009768	0.319657	0.009924	0.009768
fold_nv_xp_027057176.zip	1	0.089146	0.009610	0.009249	0.206335	0.009610	0.000000
fold_nv_xp_027057176.zip	2	0.264300	0.009262	0.009509	0.264300	0.009314	0.009452
fold_nv_xp_027057176.zip	3	0.205933	0.009474	0.009040	0.205933	0.009673	0.009647
fold_nv_xp_027057176.zip	4	0.055569	0.009103	0.009089	0.247632	0.000000	0.008973
fold_nv_xp_028395980.zip	0	0.149849	0.009033	0.009341	0.232984	0.009033	0.009341
fold_nv_xp_028395980.zip	1	0.217432	0.009353	0.008714	0.217432	0.009356	0.008977
fold_nv_xp_028395980.zip	2	0.224612	0.009127	0.009358	0.224612	0.009070	0.009357
fold_nv_xp_028395980.zip	3	0.219180	0.009137	0.008876	0.219180	0.009137	0.009114
fold_nv_xp_028395980.zip	4	0.013356	0.008935	0.009396	0.013838	0.009520	0.009487
fold_nv_xp_028400144.zip	0	0.133889	0.416079	0.158198	0.697270	0.416079	0.259227
fold_nv_xp_028400144.zip	1	0.138037	0.438926	0.224188	0.706551	0.438926	0.224188
fold_nv_xp_028400144.zip	2	0.151363	0.431558	0.215637	0.682377	0.431558	0.215637
fold_nv_xp_028400144.zip	3	0.255109	0.418024	0.214833	0.702940	0.418024	0.240424
fold_nv_xp_028400144.zip	4	0.213277	0.081083	0.163725	0.697765	0.081083	0.223133
fold_nv_xp_028400154.zip	0	0.370896	0.285551	0.227424	0.370896	0.285551	0.227424
fold_nv_xp_028400154.zip	1	0.505589	0.270530	0.291528	0.505589	0.270530	0.291528
fold_nv_xp_028400154.zip	2	0.142174	0.297585	0.344905	0.748160	0.297585	0.344905
fold_nv_xp_028400154.zip	3	0.590435	0.279663	0.264633	0.590435	0.279663	0.264633
fold_nv_xp_028400154.zip	4	0.601749	0.255353	0.350897	0.601749	0.255353	0.350897
fold_nv_xp_028404349.zip	0	0.152699	0.128355	0.176166	0.715582	0.128355	0.176166
fold_nv_xp_028404349.zip	1	0.187171	0.200692	0.146239	0.727987	0.200692	0.146239
fold_nv_xp_028404349.zip	2	0.145107	0.209227	0.037872	0.734697	0.209227	0.037872
fold_nv_xp_028404349.zip	3	0.156824	0.221273	0.112825	0.721571	0.221273	0.112825
fold_nv_xp_028404349.zip	4	0.718052	0.103316	0.169927	0.718052	0.103316	0.169927
fold_nv_xp_028407711.zip	0	0.675778	0.141334	0.177177	0.675778	0.141334	0.177177
fold_nv_xp_028407711.zip	1	0.111531	0.300434	0.170182	0.675926	0.300434	0.170182
fold_nv_xp_028407711.zip	2	0.682158	0.286937	0.125843	0.682158	0.286937	0.125843
fold_nv_xp_028407711.zip	3	0.225622	0.256013	0.138075	0.661006	0.256013	0.138075
fold_nv_xp_028407711.zip	4	0.674263	0.136113	0.109003	0.674263	0.136113	0.125630
fold_nv_xp_028417232.zip	0	0.369279	0.009219	0.009785	0.369279	0.009501	0.010011
fold_nv_xp_028417232.zip	1	0.411540	0.009898	0.000000	0.411540	0.010721	0.000000
fold_nv_xp_028417232.zip	2	0.429986	0.009275	0.009988	0.429986	0.000000	0.009988
fold_nv_xp_028417232.zip	3	0.456040	0.009487	0.009392	0.456040	0.000000	0.009453
fold_nv_xp_028417232.zip	4	0.113237	0.009132	0.000000	0.409840	0.009170	0.000000
fold_nv_xp_029180134.zip	0	0.085622	0.009568	0.000000	0.249492	0.009568	0.000000
fold_nv_xp_029180134.zip	1	0.041582	0.009614	0.009362	0.251788	0.009614	0.000000
fold_nv_xp_029180134.zip	2	0.015011	0.009700	0.009360	0.281350	0.000000	0.009427
fold_nv_xp_029180134.zip	3	0.061582	0.009436	0.009488	0.283291	0.009667	0.009488
fold_nv_xp_029180134.zip	4	0.108723	0.009519	0.000000	0.310745	0.009519	0.000000
fold_nv_xp_029183066.zip	0	0.014131	0.009179	0.009059	0.020158	0.009292	0.009137
fold_nv_xp_029183066.zip	1	0.039541	0.009132	0.009278	0.078698	0.009076	0.009252
fold_nv_xp_029183066.zip	2	0.028131	0.009033	0.009017	0.055941	0.009082	0.008819
fold_nv_xp_029183066.zip	3	0.045008	0.009002	0.009277	0.169321	0.008928	0.009279
fold_nv_xp_029183066.zip	4	0.049322	0.009065	0.009360	0.139337	0.009386	0.000000
fold_nv_xp_029186950.zip	0	0.008574	0.019678	0.008561	0.008574	0.022560	0.008777
fold_nv_xp_029186950.zip	1	0.000000	0.019834	0.013256	0.000000	0.023750	0.013256
fold_nv_xp_029186950.zip	2	0.008311	0.017982	0.008527	0.008311	0.021085	0.008331
fold_nv_xp_029186950.zip	3	0.000000	0.019797	0.009229	0.000000	0.022564	0.009312
fold_nv_xp_029186950.zip	4	0.014499	0.014975	0.012110	0.014499	0.015929	0.012871
fold_nv_xp_029201752.zip	0	0.041122	0.008804	0.008669	0.204457	0.009387	0.000000
fold_nv_xp_029201752.zip	1	0.232965	0.010957	0.009270	0.232965	0.009535	0.009154
fold_nv_xp_029201752.zip	2	0.033750	0.009040	0.008402	0.258499	0.009233	0.000000
fold_nv_xp_029201752.zip	3	0.053896	0.008868	0.008743	0.172391	0.000000	0.000000
fold_nv_xp_029201752.zip	4	0.217319	0.009659	0.009152	0.217319	0.000000	0.000000
fold_nv_xp_031554305.zip	0	0.578642	0.014428	0.017845	0.578642	0.015606	0.017845
fold_nv_xp_031554305.zip	1	0.580216	0.010616	0.017654	0.580216	0.012243	0.017654
fold_nv_xp_031554305.zip	2	0.575361	0.015703	0.021131	0.575361	0.017302	0.021131
fold_nv_xp_031554305.zip	3	0.595704	0.010991	0.018843	0.595704	0.011790	0.018843
fold_nv_xp_031554305.zip	4	0.552896	0.009426	0.012611	0.552896	0.008877	0.012611
fold_nv_xp_031565157.zip	0	0.000000	0.029854	0.009038	0.000000	0.038940	0.009121
fold_nv_xp_031565157.zip	1	0.009118	0.026878	0.009272	0.000000	0.048828	0.009360
fold_nv_xp_031565157.zip	2	0.008883	0.023950	0.008662	0.008883	0.031680	0.008677
fold_nv_xp_031565157.zip	3	0.000000	0.019383	0.008825	0.000000	0.021207	0.008825
fold_nv_xp_031565157.zip	4	0.010251	0.027461	0.009017	0.011227	0.050415	0.009407
fold_nv_xp_031566534.zip	0	0.781520	0.403946	0.269472	0.781520	0.403946	0.269472
fold_nv_xp_031566534.zip	1	0.770450	0.320492	0.163626	0.770450	0.320492	0.163626
fold_nv_xp_031566534.zip	2	0.281797	0.407007	0.196388	0.763353	0.407007	0.196388
fold_nv_xp_031566534.zip	3	0.205117	0.443481	0.176583	0.766982	0.443481	0.212524
fold_nv_xp_031566534.zip	4	0.768885	0.354224	0.179199	0.768885	0.354224	0.179199
fold_nv_xp_031569758.zip	0	0.120415	0.016078	0.012082	0.549990	0.016078	0.012082
fold_nv_xp_031569758.zip	1	0.121196	0.025205	0.011452	0.551097	0.025205	0.011452
fold_nv_xp_031569758.zip	2	0.095295	0.012593	0.011227	0.553288	0.012593	0.011227
fold_nv_xp_031569758.zip	3	0.525518	0.011652	0.011550	0.525518	0.011652	0.011550
fold_nv_xp_031569758.zip	4	0.088561	0.023457	0.000000	0.490103	0.025893	0.000000
fold_nv_xp_032218245.zip	0	0.029736	0.008764	0.008726	0.053319	0.008662	0.008675
fold_nv_xp_032218245.zip	1	0.032730	0.008573	0.008380	0.063977	0.008835	0.000000
fold_nv_xp_032218245.zip	2	0.028943	0.008889	0.008584	0.045571	0.008893	0.008641
fold_nv_xp_032218245.zip	3	0.028786	0.009030	0.008701	0.068375	0.009028	0.008652
fold_nv_xp_032218245.zip	4	0.016152	0.008927	0.008901	0.018277	0.008893	0.008719
fold_nv_xp_032219322.zip	0	0.125895	0.010898	0.010734	0.318397	0.010898	0.010734
fold_nv_xp_032219322.zip	1	0.076954	0.010835	0.010669	0.296142	0.010835	0.010669
fold_nv_xp_032219322.zip	2	0.096663	0.011022	0.010699	0.320896	0.011022	0.010699
fold_nv_xp_032219322.zip	3	0.044459	0.009647	0.010000	0.368677	0.000000	0.010000
fold_nv_xp_032219322.zip	4	0.103136	0.009156	0.000000	0.320532	0.009513	0.000000
fold_nv_xp_032220894.zip	0	0.284640	0.009608	0.009686	0.284640	0.009608	0.009686
fold_nv_xp_032220894.zip	1	0.284706	0.009003	0.009316	0.284706	0.009397	0.000000
fold_nv_xp_032220894.zip	2	0.261937	0.009491	0.000000	0.261937	0.009491	0.000000
fold_nv_xp_032220894.zip	3	0.100105	0.009358	0.009072	0.276611	0.000000	0.009408
fold_nv_xp_032220894.zip	4	0.246395	0.009207	0.009417	0.246395	0.009553	0.009456
fold_nv_xp_032228503.zip	0	0.782244	0.082446	0.307931	0.782244	0.187626	0.334403
fold_nv_xp_032228503.zip	1	0.176371	0.292937	0.333083	0.780627	0.292937	0.445985
fold_nv_xp_032228503.zip	2	0.774950	0.083461	0.063636	0.774950	0.108715	0.083938
fold_nv_xp_032228503.zip	3	0.089603	0.136038	0.203427	0.779367	0.136038	0.235421
fold_nv_xp_032228503.zip	4	0.135604	0.235075	0.201067	0.778544	0.235075	0.201067
fold_nv_xp_032230472.zip	0	0.088022	0.009226	0.009272	0.088022	0.009296	0.000000
fold_nv_xp_032230472.zip	1	0.037603	0.009655	0.009407	0.079469	0.009655	0.009949
fold_nv_xp_032230472.zip	2	0.082896	0.009362	0.009240	0.082896	0.009272	0.009485
fold_nv_xp_032230472.zip	3	0.099410	0.009253	0.008900	0.099410	0.009449	0.009074
fold_nv_xp_032230472.zip	4	0.072628	0.009464	0.009110	0.072628	0.009806	0.009222
fold_nv_xp_032240155.zip	0	0.104274	0.009278	0.000000	0.384746	0.000000	0.000000
fold_nv_xp_032240155.zip	1	0.180212	0.009727	0.008904	0.377897	0.009267	0.000000
fold_nv_xp_032240155.zip	2	0.035794	0.009702	0.009258	0.075042	0.010023	0.009528
fold_nv_xp_032240155.zip	3	0.327600	0.009569	0.009282	0.327600	0.009745	0.009282
fold_nv_xp_032240155.zip	4	0.027608	0.009381	0.009157	0.035703	0.010358	0.010353
fold_nv_xp_046849378.zip	0	0.261828	0.009363	0.009477	0.261828	0.009465	0.009350
fold_nv_xp_046849378.zip	1	0.262206	0.009185	0.009392	0.262206	0.000000	0.009347
fold_nv_xp_046849378.zip	2	0.237258	0.009814	0.009200	0.237258	0.000000	0.011215
fold_nv_xp_046849378.zip	3	0.059566	0.009478	0.009444	0.265332	0.011425	0.011110
fold_nv_xp_046849378.zip	4	0.090733	0.009279	0.009234	0.301820	0.000000	0.000000
fold_nv_xp_046852093.zip	0	0.185856	0.105374	0.185709	0.706497	0.105374	0.185709
fold_nv_xp_046852093.zip	1	0.123774	0.130167	0.119844	0.712985	0.130167	0.119844
fold_nv_xp_046852093.zip	2	0.136839	0.185230	0.176288	0.701667	0.185230	0.176288
fold_nv_xp_046852093.zip	3	0.134151	0.045818	0.187147	0.717915	0.045818	0.187147
fold_nv_xp_046852093.zip	4	0.116590	0.174918	0.180609	0.715782	0.174918	0.180609
fold_nv_xp_046852095.zip	0	0.298395	0.077253	0.304269	0.741898	0.077253	0.304269
fold_nv_xp_046852095.zip	1	0.266458	0.061691	0.358844	0.735278	0.061691	0.358844
fold_nv_xp_046852095.zip	2	0.727018	0.076791	0.249105	0.727018	0.076791	0.249105
fold_nv_xp_046852095.zip	3	0.173966	0.128721	0.166809	0.719627	0.128721	0.166809
fold_nv_xp_046852095.zip	4	0.142043	0.050834	0.166046	0.725550	0.067193	0.166046
fold_nv_xp_046853944.zip	0	0.165570	0.351663	0.214751	0.710636	0.351663	0.214751
fold_nv_xp_046853944.zip	1	0.567612	0.360503	0.220950	0.719437	0.360503	0.220950
fold_nv_xp_046853944.zip	2	0.715535	0.363835	0.246713	0.715535	0.363835	0.271237
fold_nv_xp_046853944.zip	3	0.065620	0.351714	0.153154	0.178933	0.351714	0.153154
fold_nv_xp_046853944.zip	4	0.230975	0.362961	0.235829	0.698766	0.362961	0.235829
fold_nv_xp_046861842.zip	0	0.294853	0.009363	0.009055	0.294853	0.009543	0.009698
fold_nv_xp_046861842.zip	1	0.126664	0.009417	0.009200	0.222107	0.009697	0.009511
fold_nv_xp_046861842.zip	2	0.071017	0.009254	0.008549	0.252736	0.009254	0.008549
fold_nv_xp_046861842.zip	3	0.084836	0.009196	0.008370	0.231815	0.000000	0.000000
fold_nv_xp_046861842.zip	4	0.070565	0.008852	0.009107	0.195461	0.000000	0.000000
fold_nv_xp_046863121.zip	0	0.052211	0.000000	0.009253	0.153566	0.000000	0.009253
fold_nv_xp_046863121.zip	1	0.082735	0.009208	0.009361	0.177494	0.009430	0.009361
fold_nv_xp_046863121.zip	2	0.059758	0.009324	0.000000	0.176935	0.009584	0.000000
fold_nv_xp_046863121.zip	3	0.050518	0.009700	0.009244	0.137088	0.009700	0.009244
fold_nv_xp_046863121.zip	4	0.048234	0.008805	0.008693	0.152068	0.000000	0.000000
fold_nv_xp_058956196.zip	0	0.775646	0.441240	0.311069	0.775646	0.441240	0.336039
fold_nv_xp_058956196.zip	1	0.770969	0.437602	0.310930	0.770969	0.437602	0.310930
fold_nv_xp_058956196.zip	2	0.613404	0.396231	0.239567	0.762690	0.396231	0.259072
fold_nv_xp_058956196.zip	3	0.354257	0.407990	0.249300	0.768129	0.407990	0.274413
fold_nv_xp_058956196.zip	4	0.760460	0.318997	0.169397	0.760460	0.415220	0.169397
fold_nv_xp_058957670.zip	0	0.787654	0.443521	0.179149	0.787654	0.443521	0.326606
fold_nv_xp_058957670.zip	1	0.787995	0.442920	0.239865	0.787995	0.442920	0.504710
fold_nv_xp_058957670.zip	2	0.788943	0.478335	0.143339	0.788943	0.478335	0.334062
fold_nv_xp_058957670.zip	3	0.777058	0.400186	0.149834	0.777058	0.400186	0.443406
fold_nv_xp_058957670.zip	4	0.404923	0.410223	0.184925	0.782780	0.410223	0.291823
fold_nv_xp_058971337.zip	0	0.260770	0.009182	0.009484	0.260770	0.009130	0.009392
fold_nv_xp_058971337.zip	1	0.057838	0.009563	0.009195	0.242060	0.009563	0.009195
fold_nv_xp_058971337.zip	2	0.299731	0.009362	0.009680	0.299731	0.009523	0.009680
fold_nv_xp_058971337.zip	3	0.061221	0.009706	0.009321	0.230029	0.009706	0.000000
fold_nv_xp_058971337.zip	4	0.271238	0.009515	0.000000	0.271238	0.009528	0.000000
fold_nv_xp_065056061.zip	0	0.249526	0.247620	0.081858	0.705436	0.247620	0.188550
fold_nv_xp_065056061.zip	1	0.139608	0.249361	0.093606	0.672834	0.249361	0.176474
fold_nv_xp_065056061.zip	2	0.146358	0.290686	0.094410	0.677780	0.290686	0.130150
fold_nv_xp_065056061.zip	3	0.156169	0.244408	0.069388	0.689598	0.244408	0.160038
fold_nv_xp_065056061.zip	4	0.247148	0.264887	0.103548	0.710051	0.264887	0.194329
fold_nv_xp_065064443.zip	0	0.138681	0.014713	0.010661	0.448986	0.014713	0.010661
fold_nv_xp_065064443.zip	1	0.251425	0.010716	0.010123	0.444084	0.010716	0.010123
fold_nv_xp_065064443.zip	2	0.110536	0.009733	0.011105	0.494282	0.009733	0.011105
fold_nv_xp_065064443.zip	3	0.016040	0.010674	0.009403	0.020302	0.011626	0.009875
fold_nv_xp_065064443.zip	4	0.013701	0.009659	0.011724	0.014846	0.010475	0.011724
fold_nv_xp_067036338.zip	0	0.269854	0.008813	0.008916	0.269854	0.008677	0.008783
fold_nv_xp_067036338.zip	1	0.254022	0.009362	0.008978	0.254022	0.009492	0.008957
fold_nv_xp_067036338.zip	2	0.246569	0.009230	0.009008	0.246569	0.009325	0.008942
fold_nv_xp_067036338.zip	3	0.197985	0.009208	0.009140	0.255748	0.009275	0.000000
fold_nv_xp_067036338.zip	4	0.052349	0.008918	0.009613	0.275054	0.009369	0.009613
fold_nv_xp_068687145.zip	0	0.168902	0.423171	0.202809	0.782174	0.423171	0.251841
fold_nv_xp_068687145.zip	1	0.135374	0.569521	0.250222	0.540012	0.569521	0.250222
fold_nv_xp_068687145.zip	2	0.621262	0.528656	0.283350	0.783577	0.528656	0.334366
fold_nv_xp_068687145.zip	3	0.436433	0.557278	0.277435	0.775390	0.557278	0.277435
fold_nv_xp_068687145.zip	4	0.785500	0.534374	0.230472	0.785500	0.534374	0.350693
fold_nv_xp_068687147.zip	0	0.240078	0.195106	0.041913	0.658858	0.195106	0.044212
fold_nv_xp_068687147.zip	1	0.521296	0.238578	0.056993	0.678248	0.238578	0.061299
fold_nv_xp_068687147.zip	2	0.132174	0.228861	0.034231	0.660648	0.228861	0.034231
fold_nv_xp_068687147.zip	3	0.131039	0.212571	0.035038	0.661375	0.212571	0.038074
fold_nv_xp_068687147.zip	4	0.271868	0.233606	0.038688	0.669872	0.233606	0.038688
fold_nv_xp_073244127.zip	0	0.041025	0.009059	0.009170	0.130769	0.008865	0.009170
fold_nv_xp_073244127.zip	1	0.066945	0.008781	0.009282	0.252701	0.008964	0.009282
fold_nv_xp_073244127.zip	2	0.077602	0.009154	0.008421	0.251990	0.009347	0.008599
fold_nv_xp_073244127.zip	3	0.232689	0.009235	0.009155	0.232689	0.000000	0.009155
fold_nv_xp_073244127.zip	4	0.180946	0.008889	0.009152	0.248268	0.000000	0.009152
fold_nv_xp_073256375.zip	0	0.171546	0.325241	0.244962	0.733177	0.325241	0.244962
fold_nv_xp_073256375.zip	1	0.174590	0.289376	0.069513	0.741281	0.289376	0.069513
fold_nv_xp_073256375.zip	2	0.232380	0.324921	0.189937	0.738640	0.324921	0.189937
fold_nv_xp_073256375.zip	3	0.230859	0.298663	0.068190	0.731751	0.298663	0.068190
fold_nv_xp_073256375.zip	4	0.143039	0.318033	0.064138	0.741198	0.318033	0.064138
